3 0.33513513513513515 0.4469135802469136 0.37374517374517374 0.4666666666666667 0.3938223938223938 0.3888888888888889 0.3938223938223938 0.37777777777777777 0.349034749034749 0.3506172839506173 0.3413127413127413 0.3493827160493827 0.33436293436293435 0.35802469135802467 0.3382239382239382 0.37530864197530867 0.3312741312741313 0.3962962962962963 0.3305019305019305 0.408641975308642 0.32123552123552124 0.41728395061728396 0.3204633204633205 0.4308641975308642 0.33513513513513515 0.4469135802469136
2 0.5621621621621622 0.4419753086419753 0.5065637065637065 0.4444444444444444 0.5057915057915058 0.4802469135802469 0.5081081081081081 0.48518518518518516 0.5613899613899614 0.4876543209876543 0.5652509652509653 0.48271604938271606 0.5652509652509653 0.45185185185185184 0.5621621621621622 0.4419753086419753
2 0.6231660231660232 0.5777777777777777 0.6787644787644788 0.5777777777777777 0.6810810810810811 0.5740740740740741 0.6787644787644788 0.5358024691358024 0.6216216216216216 0.5358024691358024 0.6231660231660232 0.5777777777777777
2 0.9081081081081082 0.6493827160493827 0.9073359073359073 0.6333333333333333 0.9042471042471042 0.6308641975308642 0.7675675675675676 0.6259259259259259 0.7413127413127413 0.6271604938271605 0.7374517374517374 0.6333333333333333 0.7374517374517374 0.6679012345679012 0.7482625482625482 0.6703703703703704 0.8308880308880309 0.6703703703703704 0.8540540540540541 0.6641975308641975 0.9042471042471042 0.6666666666666666 0.9081081081081082 0.6493827160493827
6 0.3274131274131274 0.6432098765432098 0.31583011583011583 0.6975308641975309 0.3312741312741313 0.7037037037037037 0.3420849420849421 0.7024691358024692 0.34594594594594597 0.6888888888888889 0.3312741312741313 0.6382716049382716 0.3274131274131274 0.6432098765432098
6 0.3938223938223938 0.6530864197530865 0.3861003861003861 0.682716049382716 0.3745173745173745 0.6851851851851852 0.37142857142857144 0.6962962962962963 0.383011583011583 0.6938271604938272 0.38996138996138996 0.7061728395061728 0.40077220077220077 0.7024691358024692 0.4046332046332046 0.6925925925925925 0.3938223938223938 0.6530864197530865
6 0.4694980694980695 0.6950617283950618 0.4702702702702703 0.7061728395061728 0.5088803088803089 0.7037037037037037 0.505019305019305 0.6814814814814815 0.4965250965250965 0.6962962962962963 0.48725868725868726 0.6790123456790124 0.4694980694980695 0.6950617283950618
6 0.41312741312741313 0.6790123456790124 0.4084942084942085 0.7024691358024692 0.4200772200772201 0.6975308641975309 0.42934362934362935 0.7012345679012346 0.41776061776061774 0.6777777777777778 0.4146718146718147 0.6753086419753086 0.41312741312741313 0.6790123456790124
6 0.34826254826254827 0.6802469135802469 0.34594594594594597 0.6814814814814815 0.3467181467181467 0.6925925925925925 0.355984555984556 0.6987654320987654 0.3613899613899614 0.6962962962962963 0.3567567567567568 0.6839506172839506 0.34826254826254827 0.6802469135802469
6 0.5467181467181467 0.6938271604938272 0.538996138996139 0.6814814814814815 0.5343629343629344 0.6876543209876543 0.528957528957529 0.6864197530864198 0.528957528957529 0.6925925925925925 0.5382239382239382 0.6938271604938272 0.5436293436293437 0.7 0.5467181467181467 0.6938271604938272
6 0.8370656370656371 0.7024691358024692 0.8247104247104247 0.6888888888888889 0.8108108108108109 0.6987654320987654 0.806949806949807 0.6938271604938272 0.7969111969111969 0.6975308641975309 0.7791505791505792 0.6901234567901234 0.7683397683397684 0.6975308641975309 0.7575289575289575 0.6876543209876543 0.7552123552123552 0.674074074074074 0.6555984555984556 0.6864197530864198 0.6509652509652509 0.682716049382716 0.6478764478764478 0.6925925925925925 0.6416988416988417 0.6975308641975309 0.6347490347490348 0.691358024691358 0.6293436293436293 0.6962962962962963 0.6193050193050194 0.6962962962962963 0.6115830115830115 0.6925925925925925 0.6077220077220077 0.682716049382716 0.5984555984555985 0.691358024691358 0.5837837837837838 0.6851851851851852 0.5791505791505791 0.6753086419753086 0.5752895752895753 0.6876543209876543 0.5613899613899614 0.7012345679012346 0.5413127413127413 0.6814814814814815 0.5297297297297298 0.6864197530864198 0.5266409266409267 0.6950617283950618 0.522007722007722 0.691358024691358 0.5142857142857142 0.6962962962962963 0.5019305019305019 0.6851851851851852 0.4988416988416988 0.6950617283950618 0.49498069498069497 0.6950617283950618 0.48416988416988416 0.682716049382716 0.4810810810810811 0.6901234567901234 0.4725868725868726 0.6851851851851852 0.46872586872586874 0.6925925925925925 0.44555984555984557 0.7012345679012346 0.416988416988417 0.6925925925925925 0.4146718146718147 0.6876543209876543 0.41235521235521233 0.6962962962962963 0.4038610038610039 0.6938271604938272 0.3992277992277992 0.7037037037037037 0.38996138996138996 0.7074074074074074 0.38687258687258685 0.6802469135802469 0.37915057915057915 0.6901234567901234 0.372972972972973 0.682716049382716 0.3675675675675676 0.6950617283950618 0.3644787644787645 0.6950617283950618 0.3590733590733591 0.6876543209876543 0.3521235521235521 0.6876543209876543 0.3521235521235521 0.6814814814814815 0.34826254826254827 0.6777777777777778 0.349034749034749 0.6888888888888889 0.34517374517374516 0.6962962962962963 0.3104247104247104 0.6950617283950618 0.30424710424710427 0.682716049382716 0.18223938223938224 0.6851851851851852 0.18146718146718147 0.6901234567901234 0.16293436293436295 0.7012345679012346 0.16061776061776062 0.7061728395061728 0.16756756756756758 0.7160493827160493 0.8463320463320463 0.7160493827160493 0.857915057915058 0.7024691358024692 0.8517374517374517 0.6950617283950618 0.8370656370656371 0.7024691358024692
2 0.27399999999999997 0.5558271604938272 0.11557528957528955 0.032296296296296254
0 0.18716602316602315 0.6271234567901235 0.056633204633204655 0.17488888888888898