3 0.3173745173745174 0.4679012345679012 0.3173745173745174 0.4802469135802469 0.3521235521235521 0.5185185185185185 0.3644787644787645 0.5246913580246914 0.37142857142857144 0.5160493827160494 0.3698841698841699 0.5061728395061729 0.39305019305019306 0.4666666666666667 0.3945945945945946 0.45308641975308644 0.3799227799227799 0.4283950617283951 0.34826254826254827 0.3987654320987654
6 0.4972972972972973 0.980246913580247 0.4972972972972973 0.9950617283950617 0.5158301158301158 0.991358024691358 0.5111969111969112 0.9592592592592593 0.5057915057915058 0.9432098765432099
6 0.6872586872586872 0.9629629629629629 0.6833976833976834 0.9950617283950617 0.7027027027027027 0.9950617283950617 0.6942084942084942 0.945679012345679 0.6911196911196911 0.9469135802469136
6 0.40772200772200773 0.9666666666666667 0.40308880308880307 0.9950617283950617 0.41235521235521233 0.9962962962962963 0.4146718146718147 0.9925925925925926 0.41081081081081083 0.9691358024691358
6 0.6501930501930502 0.9765432098765432 0.6401544401544401 0.9925925925925926 0.6586872586872586 0.9950617283950617 0.654054054054054 0.9790123456790123
6 0.5644787644787644 0.9790123456790123 0.5606177606177606 0.9938271604938271 0.5752895752895753 0.9938271604938271 0.5706563706563706 0.9765432098765432 0.5675675675675675 0.9728395061728395
6 0.5922779922779923 0.9358024691358025 0.5783783783783784 0.991358024691358 0.5822393822393822 0.9962962962962963 0.61003861003861 0.9962962962962963 0.5984555984555985 0.9333333333333333 0.5953667953667954 0.9271604938271605
6 0.7297297297297297 0.9765432098765432 0.7250965250965251 0.9950617283950617 0.738996138996139 0.9950617283950617 0.7335907335907336 0.9753086419753086
6 0.03783783783783784 0.9790123456790123 0.036293436293436294 0.9950617283950617 0.040154440154440155 0.9975308641975309 0.043243243243243246 0.991358024691358
6 0.06563706563706563 0.9888888888888889 0.06563706563706563 0.9987654320987654 0.07258687258687259 0.9950617283950617 0.07104247104247104 0.9851851851851852
6 0.07953667953667953 0.980246913580247 0.08030888030888031 0.9962962962962963 0.09884169884169884 0.9987654320987654 0.09806949806949807 0.9839506172839506 0.08803088803088803 0.980246913580247 0.08416988416988418 0.9629629629629629
6 0.532046332046332 0.9876543209876543 0.5312741312741313 0.9950617283950617 0.538996138996139 0.9938271604938271 0.5359073359073359 0.9814814814814815
2 0.8586872586872587 0.8641975308641975 0.8555984555984556 0.8654320987654321 0.8563706563706563 0.8975308641975308 0.9042471042471042 0.8975308641975308 0.9042471042471042 0.8654320987654321
6 0.28262548262548265 0.6407407407407407 0.27644787644787644 0.671604938271605 0.3281853281853282 0.671604938271605 0.30038610038610036 0.5864197530864198
6 0.7397683397683398 0.7555555555555555 0.7382239382239382 0.7617283950617284 0.7405405405405405 0.7654320987654321 0.7891891891891892 0.762962962962963 0.7652509652509653 0.6814814814814815
2 0.1865791505791506 0.7006543209876542 0.17016988416988418 0.03975308641975309
2 0.5626177606177606 0.7881481481481482 0.3508185328185328 0.041888888888888885