3 0.3258687258687259 0.6111111111111112 0.3258687258687259 0.6197530864197531 0.3305019305019305 0.6283950617283951 0.3305019305019305 0.662962962962963 0.3250965250965251 0.6802469135802469 0.3274131274131274 0.6925925925925925 0.37915057915057915 0.6962962962962963 0.38764478764478766 0.691358024691358 0.38764478764478766 0.6222222222222222 0.38455598455598455 0.6012345679012345 0.338996138996139 0.6 0.32895752895752894 0.6037037037037037
2 0.871042471042471 0.7962962962962963 0.8702702702702703 0.8185185185185185 0.8733590733590734 0.825925925925926 0.9127413127413128 0.8246913580246914 0.9142857142857143 0.8209876543209876 0.9127413127413128 0.7950617283950617
6 0.7513513513513513 0.6839506172839506 0.7505791505791506 0.691358024691358 0.7544401544401544 0.6938271604938272 0.8015444015444015 0.691358024691358 0.8 0.6777777777777778 0.7791505791505792 0.608641975308642 0.7752895752895753 0.608641975308642
2 0.5760617760617761 0.7012345679012346 0.5768339768339769 0.7345679012345679 0.6200772200772201 0.7333333333333333 0.6277992277992278 0.7271604938271605 0.6270270270270271 0.7
2 0.6362934362934363 0.7012345679012346 0.6355212355212355 0.7234567901234568 0.6386100386100386 0.7333333333333333 0.6857142857142857 0.7308641975308642 0.684942084942085 0.7012345679012346
2 0.6957528957528958 0.6987654320987654 0.6934362934362934 0.7024691358024692 0.6957528957528958 0.7320987654320987 0.7436293436293436 0.7308641975308642 0.7444015444015444 0.7037037037037037 0.7420849420849421 0.7
2 0.7505791505791506 0.7012345679012346 0.7513513513513513 0.7333333333333333 0.803088803088803 0.7320987654320987 0.803088803088803 0.7012345679012346
6 0.5745173745173745 0.9604938271604938 0.5683397683397683 0.9938271604938271 0.5845559845559846 0.9962962962962963 0.5783783783783784 0.9555555555555556
6 0.477992277992278 0.9888888888888889 0.47644787644787645 0.9950617283950617 0.48185328185328186 0.9962962962962963 0.4803088803088803 0.9864197530864197
0 0.16836293436293437 0.8481358024691358 0.1138918918918919 0.2923950617283951
0 0.3402084942084942 0.7429012345679012 0.23474131274131274 0.08898765432098765