6 0.33745173745173745 0.9950617283950617 0.34054054054054056 0.9962962962962963 0.36061776061776063 0.9950617283950617 0.349034749034749 0.9382716049382716 0.3382239382239382 0.9876543209876543 0.33745173745173745 0.9950617283950617
6 0.2579150579150579 0.9938271604938271 0.25096525096525096 0.9679012345679012 0.24633204633204633 0.9888888888888889 0.2471042471042471 0.9962962962962963 0.2579150579150579 0.9938271604938271
6 0.3806949806949807 0.9950617283950617 0.37683397683397685 0.980246913580247 0.3752895752895753 0.9839506172839506 0.37374517374517374 0.9938271604938271 0.3806949806949807 0.9950617283950617
6 0.5258687258687259 0.9950617283950617 0.5181467181467182 0.9654320987654321 0.5111969111969112 0.9876543209876543 0.5111969111969112 0.9962962962962963 0.5258687258687259 0.9950617283950617
6 0.5776061776061776 0.9950617283950617 0.5845559845559846 0.9962962962962963 0.5837837837837838 0.9851851851851852 0.5814671814671815 0.980246913580247 0.5791505791505791 0.9827160493827161 0.5776061776061776 0.9950617283950617
6 0.7567567567567568 0.9962962962962963 0.7513513513513513 0.9679012345679012 0.7474903474903475 0.9666666666666667 0.7420849420849421 0.9950617283950617 0.7567567567567568 0.9962962962962963
6 0.8162162162162162 0.9962962962962963 0.8146718146718147 0.9814814814814815 0.8108108108108109 0.9851851851851852 0.8084942084942085 0.9962962962962963 0.8162162162162162 0.9962962962962963
3 0.39305019305019306 0.24320987654320989 0.38996138996138996 0.2345679012345679 0.3799227799227799 0.22592592592592592 0.338996138996139 0.20493827160493827 0.32432432432432434 0.26296296296296295 0.3204633204633205 0.2962962962962963 0.37065637065637064 0.32222222222222224 0.37915057915057915 0.3135802469135803 0.38687258687258685 0.2580246913580247 0.39227799227799226 0.25308641975308643 0.39305019305019306 0.24320987654320989
0 0.8962316602316601 0.6481481481481481 0.051706563706563735 0.7037037037037037
0 0.6644710424710425 0.6534320987654321 0.05591505791505798 0.6895679012345678
0 0.4339227799227799 0.6984074074074075 0.05593822393822398 0.6031728395061727
0 0.20014671814671814 0.743395061728395 0.05169884169884174 0.5026543209876542