2 0.20617760617760617 0.4012345679012346 0.2030888030888031 0.4049382716049383 0.2023166023166023 0.4382716049382716 0.20617760617760617 0.4444444444444444 0.2602316602316602 0.4419753086419753 0.261003861003861 0.40987654320987654 0.25868725868725867 0.4024691358024691 0.20617760617760617 0.4012345679012346
6 0.4888030888030888 0.3037037037037037 0.46332046332046334 0.21975308641975308 0.43938223938223936 0.2962962962962963 0.4386100386100386 0.30493827160493825 0.4888030888030888 0.3037037037037037
6 0.4911196911196911 0.3493827160493827 0.48957528957528956 0.31234567901234567 0.4355212355212355 0.3135802469135803 0.4355212355212355 0.3493827160493827 0.4911196911196911 0.3493827160493827
3 0.36602316602316604 0.4666666666666667 0.39768339768339767 0.41358024691358025 0.39536679536679536 0.40370370370370373 0.3567567567567568 0.345679012345679 0.3305019305019305 0.38395061728395063 0.31891891891891894 0.4074074074074074 0.31891891891891894 0.42345679012345677 0.33436293436293435 0.43209876543209874 0.34826254826254827 0.45308641975308644 0.34826254826254827 0.4679012345679012 0.3544401544401544 0.4740740740740741 0.36602316602316604 0.4666666666666667
6 0.04942084942084942 0.9814814814814815 0.04633204633204633 0.9962962962962963 0.08494208494208494 0.9987654320987654 0.08725868725868725 0.9938271604938271 0.07413127413127413 0.9432098765432099 0.06177606177606178 0.9876543209876543 0.04942084942084942 0.9814814814814815
6 0.15984555984555984 0.9962962962962963 0.16293436293436295 0.9938271604938271 0.1583011583011583 0.9728395061728395 0.15366795366795366 0.9567901234567902 0.15057915057915058 0.9555555555555556 0.14749034749034748 0.9691358024691358 0.14054054054054055 0.9765432098765432 0.14285714285714285 0.9790123456790123 0.14054054054054055 0.991358024691358 0.14362934362934363 0.9962962962962963 0.15984555984555984 0.9962962962962963
6 0.1891891891891892 0.9950617283950617 0.18532818532818532 0.9827160493827161 0.18146718146718147 0.980246913580247 0.17683397683397684 0.9950617283950617 0.1891891891891892 0.9950617283950617
6 0.12355212355212356 0.9962962962962963 0.11969111969111969 0.9827160493827161 0.11196911196911197 0.991358024691358 0.11274131274131274 0.9962962962962963 0.12355212355212356 0.9962962962962963
6 0.5420849420849421 0.9962962962962963 0.5552123552123552 0.9962962962962963 0.5498069498069498 0.9679012345679012 0.5467181467181467 0.9691358024691358 0.5428571428571428 0.9851851851851852 0.5420849420849421 0.9962962962962963
6 0.6162162162162163 0.9950617283950617 0.6123552123552124 0.9814814814814815 0.61003861003861 0.9876543209876543 0.6092664092664093 0.9962962962962963 0.6162162162162163 0.9950617283950617
0 0.8094749034749035 0.8417530864197531 0.17603088803088807 0.31490123456790114
0 0.5223783783783784 0.7271358024691358 0.4005250965250964 0.08919753086419753